5.551366309743033245e-01 2.783650098667926009e+00 9.325227830537551332e-01 9.592954528721675533e-01 3.710244092237140023e+00 2.821457214329904151e+00 4.009773096415555571e+00 3.702186107860795605e+00 1.000000000000000000e+00
2.241638114862241515e+00 3.998948118124476814e+00 1.339647619571699755e+00 2.117589049385855571e+00 6.863834793607485274e+00 6.228203086428986346e+00 4.027852129210285348e+00 6.356208393416340918e+00 1.000000000000000000e+00
2.377349853232567020e-02 1.901508146093000118e+00 6.370052289411550772e-01 7.486290818724675722e-01 4.357065460933322143e+00 2.201850240801375147e+00 3.443214876589370199e+00 4.524784349808530948e+00 1.000000000000000000e+00
2.420599146454671148e-03 3.168535955049717412e+00 1.061459544941655508e+00 3.726072447316873815e-01 4.451786742518149431e+00 1.095903660975551031e+00 1.755920904439572272e+00 1.271064277933045661e+00 1.000000000000000000e+00
1.488408295233089262e+00 2.402438481334786768e+00 8.048168912471537206e-01 1.258449914980199313e+00 4.266646688623042749e+00 3.701323279353526452e+00 1.343862999399329627e+00 3.259337473018897757e+00 1.000000000000000000e+00
1.963494800039846222e+00 5.569509980821957029e+00 1.865785843575355596e+00 1.340170541434799745e+00 7.593387582673924108e+00 3.941678063043528191e+00 5.328734169727029624e+00 6.108711424328421735e+00 1.000000000000000000e+00
6.151985014894352233e-01 4.550910450697768006e+00 1.524555000983752295e+00 1.427213160948960669e+00 6.001929359189404956e+00 4.197685767496943221e+00 6.928590855128940795e+00 5.245032692712735312e+00 1.000000000000000000e+00
4.712814660857386648e-05 3.528873241378393200e+00 1.182172535861761853e+00 1.364860225029515650e+00 4.033601340865963003e+00 4.014294779498575494e+00 4.047387646879616163e+00 3.479741067947025535e+00 1.000000000000000000e+00
1.318020673783330654e+00 2.034660406386830100e+00 6.816112361395881836e-01 5.824298406169392539e-01 4.759966912692741303e+00 1.713028942990997505e+00 5.334045012510381767e+00 4.119890107703563231e+00 1.000000000000000000e+00
1.875575089636121628e+00 1.890596412550097138e+00 6.333497982042826102e-01 8.095321544022228144e-01 5.404109885357421206e+00 2.380976924712419951e+00 4.539431511486865745e+00 3.278695526913208536e+00 1.000000000000000000e+00
1.379170530994594957e-03 1.236821424459380071e-02 4.143351771938923352e-03 1.583158717755433487e-01 7.802188140693283591e-01 4.656349169868921334e-01 1.198104520817422802e+00 9.687482231008299749e-01 0.000000000000000000e+00
2.204378190700233275e-03 1.778882111166754099e+00 5.959255072408626841e-01 3.474785735993991542e-01 8.842626238024653418e-01 1.021995804704115107e+00 1.029071413873822838e+00 7.733338458694980488e-01 0.000000000000000000e+00
3.801456016007190222e-13 1.403002820588028432e-08 4.700059448969896092e-09 2.121146387848099526e-03 1.897970669517690274e-12 6.238665846612057378e-03 3.062766700871214326e-11 3.184259522726051469e-11 0.000000000000000000e+00
3.129935606307483850e-04 1.305320361982120715e-03 4.372823212640105034e-04 2.687069128421017417e-01 7.322522268964149275e-03 7.903144495355933774e-01 2.201454041202752232e-01 4.931515164441223620e-01 0.000000000000000000e+00
1.637836362571418528e-02 3.582758818664195100e-01 1.200224204252505478e-01 5.630551105627412678e-01 1.708580050079358870e+00 1.656044442831591912e+00 1.505550578486638468e-09 2.391968934034594068e-09 0.000000000000000000e+00
4.349131129361191728e-01 2.480926818808626354e-05 8.311104843008898743e-06 8.226452398695083268e-02 1.354310888675617885e+00 2.419544823145612644e-01 2.600162937503427418e+00 1.919211331708974955e+00 0.000000000000000000e+00
5.529623751917483629e-08 9.977574322306281829e-13 3.342487397972604392e-13 6.945555242054979569e-15 7.493695459470650972e-06 2.042810365310288034e-14 2.224653367401988380e+00 2.873158220594470791e+00 0.000000000000000000e+00
1.194299168735167560e-03 6.693166401207028930e-03 2.242210744404354687e-03 1.736587177207740418e-01 8.430228515693445335e-01 5.107609344728647471e-01 1.494929566397909873e-02 1.090711819414311688e-02 0.000000000000000000e+00
8.935324855423607909e-12 8.354872349514152625e-13 2.798882237087241281e-13 8.170987160117695325e-01 2.456925551896915542e-10 2.403231517681674756e+00 9.687427497534951208e-14 6.943334796005728751e-14 0.000000000000000000e+00
1.298906460431575504e-05 8.339651355868772376e-01 2.793783204216039318e-01 6.088962472922477068e-03 2.785905793315682777e-01 1.790871315565434330e-02 8.117574878448642617e-02 6.863771581815263090e-02 0.000000000000000000e+00
