1.481090158163717252e+00 4.446045514731023829e+00 1.489425247434893240e+00 1.543240257736318011e+00 5.080158660701490803e+00 4.538941934518581967e+00 3.641049517325762430e+00 2.601983646523366112e+00 1.000000000000000000e+00
7.498118786833001259e-01 4.766192624999428418e+00 1.596674529374808582e+00 1.060559571678645341e+00 6.965238603745764756e+00 3.119292857878368519e+00 4.477533511805192212e+00 6.254058021119179855e+00 1.000000000000000000e+00
9.262173592869020755e-01 2.552816357749072118e+00 8.551934798459391862e-01 2.427026358219645241e-01 2.712057843465573104e+00 7.138312818293073292e-01 1.456771293964766345e+00 1.973046665294581725e+00 1.000000000000000000e+00
2.158957435665860736e+00 5.130244298681883919e+00 1.718631840058431282e+00 1.358561330727762639e+00 6.795846491254479815e+00 3.995768619787536835e+00 4.673575834878194613e+00 4.246702903453952516e+00 1.000000000000000000e+00
9.754832049604551525e-01 7.425421121269252245e-01 2.487516075625199607e-01 1.430568369905815373e+00 3.032783309782901782e+00 4.207554029134750628e+00 4.910069854626819996e+00 3.856600938855149874e+00 1.000000000000000000e+00
3.167990693196949259e+00 4.377321469645234053e+00 1.466402692331153501e+00 1.829805658737032603e+00 9.510352706498967024e+00 5.381781349226566036e+00 7.998921607394717803e+00 6.023317933061257179e+00 1.000000000000000000e+00
5.396073663554412647e-02 3.954144602893416849e+00 1.324638441969294700e+00 8.430158786358102896e-01 6.411681053640299055e+00 2.479458466575912290e+00 5.358351378297167678e+00 4.353653610456039935e+00 1.000000000000000000e+00
6.891313813327533122e-01 5.228572667421071962e+00 1.751571843586059218e+00 1.753325592126498522e+00 5.552017158206763447e+00 5.156839976842642059e+00 3.681794932396360132e+00 5.213422019313125766e+00 1.000000000000000000e+00
1.921541019817525342e+00 6.527027210888192599e+00 2.186554115647544982e+00 2.089749591610877921e+00 5.512845041030902671e+00 6.146322328267286750e+00 7.625109021854830971e+00 7.586580681759826916e+00 1.000000000000000000e+00
2.049112557862722284e+00 6.872440335476142081e+00 2.302267512384507775e+00 1.541880588923125961e+00 8.061456456381431934e+00 4.534942908597429323e+00 4.839858574253957713e+00 6.813818288319279937e+00 1.000000000000000000e+00
1.352033465685346627e-07 2.972077470487410888e+00 9.956459526132827031e-01 1.418447543356396334e+00 4.128753412713237269e-07 4.171904539283518787e+00 7.565908553665510183e+00 5.522309163059539117e+00 0.000000000000000000e+00
2.210412214227011896e-01 8.962755741867812764e-01 3.002523173525717404e-01 4.162299724122696665e-01 1.235749268531553424e+00 1.224205801212557621e+00 6.270582998724637634e-07 6.986204627246195075e-07 0.000000000000000000e+00
1.940876496676658829e-06 8.541105864507591017e-01 2.861270464610042863e-01 1.621164006080576536e-01 2.764362178204749011e-05 4.768129429648754192e-01 9.866023438263915590e-01 7.303926910066677047e-01 0.000000000000000000e+00
1.992744388280756837e-08 6.319416101518982290e-11 2.117004394008859022e-11 6.555245235517760101e-14 1.577343729408653522e-07 1.928013304564046747e-13 2.818792537215460303e+00 2.031837558364764540e+00 0.000000000000000000e+00
9.159721023259426165e-02 1.013304803331474213e+00 3.394571091160438758e-01 2.368348463729264182e-05 2.686797906516432688e-01 6.965730775674306417e-05 1.265143400652772865e-01 3.082034851179118462e-01 0.000000000000000000e+00
4.771227192756374857e-01 2.130628985657592733e-01 7.137607101952934963e-02 1.268409741164261070e-02 1.404772023459337049e+00 3.730616885777238156e-02 2.499245027371208711e-02 4.025638562277449040e-02 0.000000000000000000e+00
1.547025432782613720e-13 3.212985433265202776e-14 1.076350120143842993e-14 8.948042795705479779e-01 7.216449660063517513e-13 2.631777292854552641e+00 8.383911005303290737e-08 2.092923485852438201e-07 0.000000000000000000e+00
8.909539499674995131e-04 4.199445368260485978e-01 1.406814198367262736e-01 1.716817451280891471e-01 7.965791662309169852e-02 5.049463092002621778e-01 4.562094496121834597e-01 5.527485937196346955e-01 0.000000000000000000e+00
3.548836701116628300e-02 1.263480850843465807e-02 4.232660850325610340e-03 3.671994227380581471e-05 1.079018358327682725e-01 1.079998302170759344e-04 1.710339579415821598e-01 4.166650390705418094e-01 0.000000000000000000e+00
7.217572148139417984e-11 5.473399511402021744e-13 1.833588836319677234e-13 7.967218419386691286e-01 3.213085353337419292e-10 2.343299535113732457e+00 2.322586819459769719e-13 3.659961222979290950e-13 0.000000000000000000e+00
