1.493505835609211019e+00 6.842915250082474365e+00 2.292376608777629166e+00 2.583101942260925377e+00 8.305498155017021489e+00 7.597358653708603526e+00 1.027333991829282311e+01 7.635583441253039894e+00 1.000000000000000000e+00
2.808700808123005821e+00 5.496765749134777224e+00 1.841416525960150263e+00 1.583994418421887929e+00 8.053534086201675990e+00 4.658807113005552836e+00 4.721694820374510826e+00 7.040624969410542278e+00 1.000000000000000000e+00
2.835685354185231155e+00 5.105443751968023136e+00 1.710323656909287893e+00 1.477382685875351376e+00 8.215753124225575021e+00 4.345243193751032962e+00 6.315023845037115890e+00 5.040199608435703027e+00 1.000000000000000000e+00
1.488513238638137004e+00 2.295143143443451716e+00 7.688729530535564072e-01 9.850062522919433849e-01 5.025449228698386506e+00 2.897077212623362819e+00 3.536941702712840030e+00 4.426527067023905637e+00 1.000000000000000000e+00
1.858178332174540870e+00 4.412523278360071188e+00 1.478195298250624123e+00 7.683840471770067015e-01 5.348236487475802825e+00 2.259953079932372155e+00 2.252094492385972480e+00 3.960497554418169752e+00 1.000000000000000000e+00
1.768849708686826743e-03 7.305637318842104655e+00 2.447388501812105321e+00 2.129889698093668127e+00 8.643810487534466347e+00 6.264381464981377157e+00 7.054010899141824886e+00 6.651724761535763086e+00 1.000000000000000000e+00
1.033617219568575329e+00 5.694388698329648335e+00 1.907620213940432352e+00 1.648416092465868177e+00 8.358242623561647378e+00 4.848282624899612259e+00 6.760014897135286915e+00 5.753012642697864720e+00 1.000000000000000000e+00
1.033347037247132547e-02 2.710313345336365476e+00 9.079549706876823834e-01 9.831402747871438308e-01 3.025480108273554514e+00 2.891589043491599398e+00 1.237713079131976368e+00 3.003619119356535805e+00 1.000000000000000000e+00
8.195449806733616782e-01 2.518930241508075429e+00 8.438416309052053643e-01 7.108845147256060981e-01 3.133330013869726649e+00 2.090836808016488302e+00 3.806273802200118350e+00 3.489955786664164172e+00 1.000000000000000000e+00
1.147917915564130809e+00 2.751478042360879339e+00 9.217451441908947052e-01 1.489109867014632105e+00 4.274802345003156923e+00 4.379734902984211864e+00 2.726084338638244731e+00 6.789125635908480838e+00 1.000000000000000000e+00
5.012321200814626732e-01 1.459008469595346340e-11 4.887678373144411239e-12 8.003649908083328990e-01 1.446908901365724809e+00 2.354014678848037612e+00 7.108754768741510597e-12 8.026668218974464576e-12 0.000000000000000000e+00
2.602525055475874453e-12 5.614820507551644191e+00 1.880964870029800950e+00 5.099792697254024702e-07 6.124982743216378625e-11 1.499939028604124800e-06 1.019905758674807539e-01 2.508538508635259068e-01 0.000000000000000000e+00
8.142818057303250487e-04 1.336276746649123215e-01 4.476527101274562631e-02 7.312715447009722480e-02 4.046850098888999936e-01 2.150798660885212266e-01 4.670677330946230721e-01 1.077682610825798193e+00 0.000000000000000000e+00
1.679265158332600150e+00 4.210044538608959108e-01 1.410364920434001301e-01 5.625203804530691798e+00 4.833046650097370112e+00 1.654471707214909060e+01 1.097263892631020187e-14 2.700062395888380580e-14 0.000000000000000000e+00
6.473521733683436980e-12 3.002705689380766318e-01 1.005906405942556814e-01 5.582643208518265343e-01 2.892838146806298193e-09 1.641953884858313062e+00 5.559839756200349870e-01 4.022772107649081330e-01 0.000000000000000000e+00
3.102947547848396437e-01 5.232505126019355579e-01 1.752889217216484219e-01 1.317878804686829514e-04 9.083245242670837660e-01 3.876114131431851353e-04 2.779177381884733400e+00 2.067441063499949827e+00 0.000000000000000000e+00
9.151405043434587657e-14 2.518797561292820397e+00 8.437971830330950329e-01 4.477178857001329781e+00 6.315170608672815231e-13 1.316817310882744074e+01 9.882088997219248136e-07 2.376598996889356216e-06 0.000000000000000000e+00
3.077344492516960808e-02 3.524747040303313206e-01 1.180790258501609874e-01 4.002818378219567819e-02 2.075145967409331327e+00 1.177299523005755216e-01 2.431608385693176323e-05 2.863115738984678551e-05 0.000000000000000000e+00
7.889698108873858251e-01 9.864939891658421889e-01 3.304754863705571255e-01 6.089097985650938216e-08 2.262262258083159061e+00 1.790911172250275634e-07 6.936421627133370071e-01 1.686963960609753954e+00 0.000000000000000000e+00
1.992283838725674577e-02 2.563514454162598710e+00 8.587773421444706567e-01 4.789778513561245843e-01 6.825706178638871746e-01 1.408758386341542934e+00 6.126895499763670427e-01 4.376983820630372390e-01 0.000000000000000000e+00
