7.514739135575572160e-01 5.132456817065603083e+00 1.719373033716977250e+00 1.468576488025721050e+00 9.228384689734316026e+00 4.319342611840355950e+00 6.265836988155015774e+00 7.931081249521359844e+00 1.000000000000000000e+00
1.024698009174199037e-01 3.237769995941893519e+00 1.084652948640534298e+00 1.369929830598499265e+00 7.095259965120478185e+00 4.029205384113232924e+00 5.271244678284116247e+00 3.965803332528499592e+00 1.000000000000000000e+00
1.483064267019804029e-04 4.704517005854786049e+00 1.576013196961353335e+00 5.754572703296501057e-01 6.000380449325063204e+00 1.692521383322500128e+00 4.339009409129660710e+00 4.483351724605793898e+00 1.000000000000000000e+00
1.331215314325753907e+00 6.018408048751013872e+00 2.016166696331589847e+00 1.889611872567416695e+00 8.977403031282396029e+00 5.557681978139460632e+00 5.343142722185150184e+00 8.084384447808576013e+00 1.000000000000000000e+00
2.344309590451223002e+00 4.275325822646702356e+00 1.432234150586645383e+00 1.868638952327749125e+00 6.758416181192648864e+00 5.495996918611026238e+00 3.555870588404505206e+00 6.098945232511150394e+00 1.000000000000000000e+00
5.786755650714413557e-01 3.531428628089250399e+00 1.183028590409898939e+00 7.719490164620479433e-01 2.415052790616173617e+00 2.270438283711905481e+00 3.812401137809312335e+00 2.739688233262095540e+00 1.000000000000000000e+00
2.819956155742082693e+00 6.057296666314565314e+00 2.029194383215379371e+00 2.132356715119144042e+00 8.630654262975536284e+00 6.271637397409246084e+00 7.858652666299898115e+00 7.405233748842590558e+00 1.000000000000000000e+00
2.420985668712919647e+00 3.599950782561146756e+00 1.205983512157984272e+00 1.497294959277573945e+00 7.005803313528557119e+00 4.403808703757570164e+00 3.695709147637001202e+00 4.515316533162126333e+00 1.000000000000000000e+00
6.231818884975741657e-01 5.774353372373193238e+00 1.934408379745019557e+00 1.621026584848804131e+00 7.647340937931785376e+00 4.767725249555306632e+00 2.237112784195953719e+00 4.501490412647727979e+00 1.000000000000000000e+00
4.012537278489422654e+00 5.455577396653576550e+00 1.827618427878948237e+00 2.180726793661558194e+00 1.153982897595801305e+01 6.413902334298700048e+00 8.895234966568629886e+00 8.857836849280698033e+00 1.000000000000000000e+00
2.558811416541832374e-09 1.346597268743343623e-02 4.511100850290201622e-03 1.090852297380706798e-12 2.497881710361582596e-08 3.208389109943254718e-12 2.029832535859367404e+00 1.814010990177195470e+00 0.000000000000000000e+00
1.722337620817730286e-04 9.664323857898278192e-01 3.237548492395923572e-01 2.935337879200086153e-01 1.941610177548295513e-01 8.633346703529664046e-01 4.694935702506516928e-01 1.034906903028445679e+00 0.000000000000000000e+00
3.274295785651124385e-06 2.098808795304130028e-03 7.031009464268836006e-04 8.688552085218114460e-04 2.440130944704969329e-01 2.555456495652386108e-03 2.113474160521334466e-01 1.563914498770779815e-01 0.000000000000000000e+00
1.378683476650636041e-07 1.438656682422090370e-03 4.819499886114002795e-04 5.287658763567548714e-01 7.616773046459357488e-04 1.555193753990455452e+00 7.107641441387240189e-01 1.729724996415271665e+00 0.000000000000000000e+00
3.211221217215718273e-07 2.065884327606681730e-07 6.920712497482384723e-08 8.267361817114531330e-01 1.183701486739963200e-06 2.431577005033685346e+00 1.613257302110889068e-08 2.050703826750322055e-08 0.000000000000000000e+00
8.705132741940768693e-02 5.031042354806114367e-05 1.685399188860048635e-05 7.305470885103829311e-03 2.719183368848123727e-01 2.148667907383479056e-02 8.959793691024048323e-01 6.705797660810322025e-01 0.000000000000000000e+00
3.001522024299123326e-05 9.686258404246736453e-02 3.244896565422657198e-02 3.388897970228302192e+00 2.245886638677160541e+00 9.967346971259711808e+00 2.092770429185110738e-13 4.952704912852823327e-13 0.000000000000000000e+00
3.368690108097960996e-10 3.641975609980363616e-13 1.220061829343421743e-13 5.626453102256150363e-01 1.008194128182537993e-09 1.654839147722396930e+00 6.815277475185511134e-15 1.683098105331737252e-14 0.000000000000000000e+00
2.666946349655348588e-14 1.318282562446293937e+00 4.416246584195085423e-01 5.956568571718889984e-15 1.232525193017863825e-12 1.751931932858497147e-14 1.554763399744315539e-13 2.754685368699938206e-13 0.000000000000000000e+00
5.517221866506488714e-01 1.908175704943487760e+00 6.392388611560684275e-01 7.561045288534938569e-02 2.186141029111314360e+00 2.223836849569099383e-01 2.028412170897840594e-01 4.439129808924122678e-01 0.000000000000000000e+00
