3.621438626002382598e-06 1.890828810433564520e-05 6.334276514952441750e-06 1.479098906210586095e-01 1.037665485537075938e-05 4.350290900619370182e-01 4.138322042591274230e-01 3.138087069865675427e-01 0.000000000000000000e+00
1.107146423359527058e-06 3.068891410092274841e-01 1.028078622380911994e-01 6.690291426255232099e-02 3.300626761615355234e-06 1.967732772428009425e-01 8.176915285170466285e-01 2.037772177563689446e+00 0.000000000000000000e+00
1.091002855846213704e+00 1.206351946508609441e+00 4.041279020803841826e-01 1.552918945946766938e+00 3.142414889242675091e+00 4.567408664549313713e+00 7.468222983318136832e-01 5.336041254994988714e-01 0.000000000000000000e+00
2.617990155158989389e-13 1.508346890277678548e-07 5.052962082430223691e-08 6.084049807269498178e-01 1.306177388471496670e-12 1.789426413902793556e+00 5.127108540729045094e-01 1.259718046047133999e+00 0.000000000000000000e+00
4.628393054157297071e-01 9.110525377858051943e-01 3.052026001582447412e-01 1.426045071939441385e-08 3.874717591088182367e+00 4.194250211586592191e-08 4.783766752168180925e-01 3.481007999220571136e-01 0.000000000000000000e+00
1.351203082321561643e-13 1.063624472200847659e+00 3.563141981872839370e-01 4.820702098880900732e-01 1.831332863133638837e-11 1.417853558494382327e+00 4.586209596067892247e-01 3.277287878369102292e-01 0.000000000000000000e+00
3.941655682731730337e-02 1.106741365219931985e-11 3.707583573486772715e-12 6.878221141776530434e-01 4.204033618077803069e+00 2.023006218169567383e+00 4.930754884784000231e-14 3.737010700888277168e-14 0.000000000000000000e+00
1.783795650126980548e-01 1.330604813557339394e+00 4.457526125417087814e-01 5.373648752991895261e-01 1.425298638080552127e+00 1.580484927350557012e+00 5.239012878461551947e-01 1.268999274347331063e+00 1.000000000000000000e+00
6.246974181694373573e-01 2.906910766045750716e+00 9.738151066253266652e-01 1.309286836974947299e+00 6.536665335857440695e+00 3.850843638161609128e+00 5.453219805386892105e+00 6.060642702078121502e+00 1.000000000000000000e+00
7.440179942555087411e-01 3.452508032971775886e+00 1.156590191045544946e+00 8.178424684318790217e-01 2.132056235573775105e+00 2.405419024799643868e+00 4.012184291792267210e+00 3.645464244617855343e+00 1.000000000000000000e+00
2.454031384663624582e+00 3.629942226673586791e+00 1.216030645935651577e+00 1.353210543242306496e+00 7.068481035859714545e+00 3.980031009536195707e+00 8.599782559009572225e+00 6.715934920264816199e+00 1.000000000000000000e+00
1.475339538611153634e+00 8.768294597830401216e+00 2.937378690273184656e+00 1.488297902575519860e+00 8.263096563954158924e+00 4.377346772280939824e+00 8.154886438036340834e+00 6.055389655914913405e+00 1.000000000000000000e+00
3.089916123008345540e-03 4.283536658322706359e-05 1.434984780538106562e-05 1.240914917949307084e+00 9.497286305102523585e-01 3.649749758674432520e+00 2.117741845259464850e-01 5.146425820040934074e-01 1.000000000000000000e+00
8.468837126384585190e-01 2.696484343943917228e+00 9.033222552212123446e-01 1.076082618376019262e+00 5.168621037190147760e+00 3.164948877576526876e+00 2.826878674691207571e+00 3.919748256284557808e+00 1.000000000000000000e+00
8.213014578219623274e-09 8.211606260990174988e+00 2.750888097431708701e+00 2.001032929692082296e-01 2.888508530141109664e-08 5.885390969682594564e-01 1.833599557030471505e+00 1.352876831746933961e+00 0.000000000000000000e+00
1.200814950953456028e+00 2.510464719129855915e+00 8.410056809085016960e-01 6.923668813735159855e-01 3.592542625596155226e+00 2.036373180510341108e+00 2.129967615432582839e+00 2.194167270380381396e+00 1.000000000000000000e+00
1.395540789629364622e-13 1.464729329858390328e+00 4.906843255025608030e-01 6.910522901639867821e-02 5.137223979545524142e-13 2.032506735776431483e-01 5.092943003205578911e-01 3.640444305044658324e-01 1.000000000000000000e+00
3.062480347788730344e-03 6.157405162535378729e-02 2.062730729449351735e-02 4.898973944818380555e-01 7.358932646545041090e-01 1.440874689652464680e+00 1.930225169017320552e-01 1.993893082385408966e-01 0.000000000000000000e+00
1.348569352020133338e-02 1.094746616213759880e-03 3.667401164316095815e-04 1.512439713403986863e-01 1.165821093771437500e+00 4.448352098247020381e-01 8.176055650767362071e-01 8.102385966262257710e-01 0.000000000000000000e+00
1.947903632338982005e+00 6.160370665905740672e+00 2.063724173078423263e+00 8.565268075343833720e-01 8.222923853951098039e+00 2.519196492748186245e+00 8.850970385296024645e+00 6.937322962043741548e+00 1.000000000000000000e+00
