3.529133854961786247e-11 2.267382415155339004e-08 7.595731090770385861e-09 6.613934444868634355e-01 1.018319206735895958e-10 1.945274836726068601e+00 6.639961608513536007e-01 4.757990945016973283e-01 0.000000000000000000e+00
2.359754714804392431e-02 3.716936415003635301e-03 1.245173699026218012e-03 5.779279445443208889e-06 7.226880418214916280e-02 1.699788072189178866e-05 6.289784812944676506e-01 4.504128789507067521e-01 0.000000000000000000e+00
1.421233964809648648e-05 1.364110976552248111e+00 4.569771771450031328e-01 1.689605010253281278e-07 2.789282293751404573e+00 4.969426500744944096e-07 1.539727607032229864e-11 2.398166110140209704e-11 1.000000000000000000e+00
3.637164149904791033e-02 4.979659439261657772e-01 1.668185912152655437e-01 2.445350527562588773e-04 5.961494150796923241e-01 7.192207434007613209e-04 2.382129994517606375e-01 5.598149607268665395e-01 0.000000000000000000e+00
1.007010198877302086e-06 4.486006110874248831e-01 1.502812047142873531e-01 1.079902714126865365e-01 3.722290220231627530e-06 3.176184453314309653e-01 4.837125678110985594e-01 1.132730880402233131e+00 0.000000000000000000e+00
1.045069087802752948e-02 2.292707904894341286e+00 7.680571481396043509e-01 1.133061167433159877e+00 5.838558035868127050e+00 3.332532845391646958e+00 3.626783669845092817e+00 2.639503931733115483e+00 1.000000000000000000e+00
9.885806059838705927e-12 3.310550330167015609e+00 1.109034360605950287e+00 7.804611196417575725e-01 6.705713762045206749e-11 2.295473881299286756e+00 4.929918472386982768e-10 7.471757657029343136e-10 0.000000000000000000e+00
7.165705355859639577e-04 4.110327469446513504e+00 1.376959702264582086e+00 1.533991055765603573e+00 5.801114059121708522e+00 4.511738399310599057e+00 4.568986522328820854e+00 4.560604247192614480e+00 1.000000000000000000e+00
1.009613848810696907e-01 2.975633069279837279e-07 9.968370782087454857e-08 4.724332627225866221e-01 3.026664694678365963e-01 1.389509596242901823e+00 2.953951861334628504e+00 2.278459081569789380e+00 0.000000000000000000e+00
2.326717817241935382e+00 4.785620752368593855e+00 1.603182952043479048e+00 1.602731206074101689e+00 7.039545209945234028e+00 4.713915311982651346e+00 2.465357247794899287e+00 6.163332451390603595e+00 1.000000000000000000e+00
1.931629982625946429e-01 1.271848335169814215e+00 4.260691922818877764e-01 5.829628671704779608e-01 5.657496650142667116e-01 1.714596668148464342e+00 1.266800848474938790e-01 9.076904770734450789e-02 0.000000000000000000e+00
5.203013520789388026e-06 3.000931324613889561e+00 1.005311993745653165e+00 8.076143294433049125e-01 5.232653277081642962e+00 2.375336263068543730e+00 4.323908740927501881e+00 5.272590499428450705e+00 1.000000000000000000e+00
1.776700783964638153e-01 4.027111655473444074e+00 1.349082404583603845e+00 1.381701596224355288e+00 4.303351254170253881e+00 4.063828224189280469e+00 3.440329590956499040e+00 3.678343784598035793e+00 1.000000000000000000e+00
2.017006628746279007e-01 1.594806270473485998e+00 5.342601006086178383e-01 8.280174499000321209e-01 2.315481763282963179e+00 2.435345440882446866e+00 9.158972357145929166e-01 1.855371195717379518e+00 1.000000000000000000e+00
1.426820052894057556e+00 3.907314563106692784e+00 1.308950378640742152e+00 1.004519641354289172e+00 5.886947380882880942e+00 2.954469533394967762e+00 2.413706768644658496e+00 2.692415964656121652e+00 1.000000000000000000e+00
1.418462493308105810e+00 2.292989654002486400e-05 7.681515340908328713e-06 1.343134492515218994e-12 1.247061400565549505e+01 3.950395566221232002e-12 6.007443517699678770e-01 1.498026949862295343e+00 0.000000000000000000e+00
7.799067584980459711e-03 1.072113999448593091e+00 3.591581898152786945e-01 1.357918369324315764e-04 2.582528075138331713e-01 3.993877556836223025e-04 1.208588861869076870e-06 8.889492213448590974e-07 0.000000000000000000e+00
5.406803895114623559e-01 1.937900141641932361e+00 6.491965474500474009e-01 1.056050276392765497e+00 1.554136186584091472e+00 3.106030224684604324e+00 4.671408347379410131e+00 3.455945307756095097e+00 1.000000000000000000e+00
9.754471763148254704e-01 5.628410795898266983e+00 1.885517616625919546e+00 1.018200135126593464e+00 2.818346834612856622e+00 2.994706279784097980e+00 4.736991313560666939e+00 3.748646122813938941e+00 1.000000000000000000e+00
1.745883742649117359e-02 7.179755235100726768e-04 2.405218003758743516e-04 3.003898207044187682e-02 1.675835554495336055e+00 8.834994726600550741e-02 8.785280268584889640e-01 1.987997502326783961e+00 0.000000000000000000e+00
