6.642397097128311945e-01 4.431216519159215217e+00 1.484457533918337235e+00 5.843077028762567104e-05 1.976642318868837123e+00 1.718552067283107940e-04 4.366095117579703588e-01 3.254856589691756952e-01 1.000000000000000000e+00
4.472708794918595770e-02 1.073520653916925971e+00 3.596294190621702191e-01 2.586864091957963765e-08 1.191295989220758855e+00 7.608423799876362107e-08 1.286648637908911041e+00 2.708821051803279811e+00 0.000000000000000000e+00
4.101704515304954723e-02 5.191541655131552524e+00 1.739166454469070144e+00 8.353172472088917777e-01 5.546120861147493031e+00 2.456815432967328405e+00 4.207104977972354831e+00 5.639893090190591707e+00 1.000000000000000000e+00
3.727823292100670427e-01 4.761502464979963989e+00 1.595103325768287839e+00 1.619436743014516011e+00 4.252728999410562594e+00 4.763049244160340479e+00 5.353902822345310675e+00 4.082595159008614694e+00 1.000000000000000000e+00
2.270397878249154733e+00 4.562431723212283963e+00 1.528414627276115212e+00 1.102340935071153050e+00 6.579145433065777482e+00 3.242179220797508865e+00 3.507391044198365115e+00 5.195824265440824874e+00 1.000000000000000000e+00
3.144364553513032123e-01 2.443142700998703898e+00 8.184528048345658391e-01 1.078903842852868333e+00 2.474342886572252986e+00 3.173246596626083438e+00 5.039879859092131653e+00 4.135941704413092168e+00 1.000000000000000000e+00
6.643318960487349933e-01 3.078932780899204857e+00 1.031442481601233752e+00 5.722864061532331181e-01 1.955211421486994228e+00 1.683195312215391537e+00 1.024768450763729799e+00 2.231188763111832341e+00 1.000000000000000000e+00
3.912633071660226447e-02 1.526272482328177471e+00 5.113012815799395927e-01 9.849389147387201329e-09 9.490750622362785771e-01 2.896879160996235082e-08 4.085926747700682427e+00 2.929288541311433569e+00 0.000000000000000000e+00
0.000000000000000000e+00 7.530154561550984837e+00 2.522601778119580196e+00 2.560252550927335058e+00 7.530154561550984837e+00 7.530154561550984837e+00 3.012061824620394290e+00 7.530154561550984837e+00 1.000000000000000000e+00
5.799771639415423996e-06 3.596662263571915029e-08 1.204881858296591528e-08 1.077562240943093358e-01 2.563387912272995783e-01 3.169300708656156429e-01 2.924584399428286074e-01 6.339836014947320963e-01 0.000000000000000000e+00
7.846973363842655459e-09 6.756595283263777876e-13 2.263459419893365452e-13 1.708689598401856580e-01 2.248963477669008105e-08 5.025557642358401411e-01 2.216838338984096768e-01 1.677800398827699324e-01 0.000000000000000000e+00
1.100122465459124177e+00 2.255764215248083016e+00 7.556810121081078968e-01 8.584755008401143694e-01 3.189006877865985246e+00 2.524927943647395256e+00 1.670295177468040793e+00 2.364861108549898727e+00 1.000000000000000000e+00
1.864550011318165890e+00 2.030735209788136906e-05 6.802962952790259074e-06 1.005929616831812590e+00 5.554773950112354974e+00 2.958616520093566127e+00 1.280630121042854785e+00 9.147438274393320246e-01 0.000000000000000000e+00
7.163337310638685185e-09 4.102238548853165283e-11 1.374249913865810412e-11 5.905213769947808000e-01 3.949617328746768672e-08 1.736827579396413856e+00 5.824342669899385965e-13 1.206923450070007675e-12 0.000000000000000000e+00
4.182170110579573330e-01 3.050575872128779009e-01 1.021942917163141118e-01 1.831939100622923672e-02 1.216464648098952273e+00 5.388056178302715743e-02 3.360674451005057906e-01 8.395588678757842649e-01 0.000000000000000000e+00
6.419485756281176347e-02 4.429458087095992980e+00 1.483868459177157817e+00 1.646059024057049403e+00 7.124247967648007496e+00 4.841350070756027080e+00 7.188816420070317292e+00 5.770175599755870799e+00 1.000000000000000000e+00
8.425372384767648828e-18 5.539169123380816179e-12 1.855621656332573537e-12 3.179578599222806723e+00 6.661338147750938996e-17 9.351701762420018937e+00 1.674150014315515130e-13 1.216138301174396575e-13 0.000000000000000000e+00
3.968881167239581009e-02 1.705302565824240383e-14 5.712763595511205835e-15 1.427104945195220242e+00 1.103026841812832171e+00 4.197367485868293890e+00 1.121659827250216538e-08 1.850545909842793501e-08 0.000000000000000000e+00
2.493853773110918035e-03 1.710525986724498114e-05 5.730262055527068903e-06 6.632535163543694656e-01 7.929453959048892164e-01 1.950745636336380873e+00 2.486302833199113549e-01 6.199257907728437100e-01 0.000000000000000000e+00
6.453040212826589850e-02 1.146429842669971944e+00 3.840539972944406744e-01 8.087009081641420849e-01 2.626622081293299438e+00 2.378532082835711936e+00 1.975595333837250056e+00 1.961133237056614576e+00 1.000000000000000000e+00
